"<ID>";"N0 =: Nhum";"N0 =: N-hum";"Ppv =: se figé";"Ppv =: Neg";"<ENT>Ppv";"<ENT>V";"C1 =: Npc0";"<ENT>Poss1";"<ENT>C1";"N0 V Poss1 C1";"<ENT>Prép2";"N2 =: Nhum";"N2 =: N-hum";"Prép2 N2hum = Ppv =: lui";"Prép2 N2-hum = Ppv";"sur N2 = dessus N2";"[passif]";"Exemple"
"1";"+";"-";"-";"-";"<E>";" abaisser";"-";"Poss0";" culotte";"-";" devant";"+";"+";"-";"-";"-";"-";"§abaisser§sa culotte devant "
"2";"+";"-";"-";"-";"<E>";" abaisser";"-";"Poss0";" froc";"-";" devant";"+";"-";"-";"-";"-";"+";"§abaisser§son froc devant "
"3";"+";"-";"-";"-";"<E>";" abaisser";"-";"Poss0";" garde";"+";" devant";"+";"+";"-";"-";"-";"-";"§abaisser§sa garde devant "
"4";"+";"-";"-";"-";"<E>";" abaisser";"-";"Poss0";" pantalon";"-";" devant";"+";"-";"-";"-";"-";"+";"§abaisser§son pantalon devant "
"5";"+";"-";"-";"-";"<E>";" abandonner";"-";"Poss0";" accusation";"+";" contre";"+";"-";"-";"-";"-";"+";"§abandonner§son accusation contre "
"6";"+";"-";"-";"-";"<E>";" abandonner";"+";"Poss0";" main";"-";" à";"+";"-";"+";"-";"-";"+";"§abandonner§sa main à "
"7";"+";"-";"-";"-";"<E>";" accorder";"-";"Poss0";" confiance";"-";" à";"+";"-";"+";"-";"-";"+";"§accorder§sa confiance à "
"8";"+";"-";"-";"-";"<E>";" accorder";"-";"Poss0";" faveurs";"+";" à";"+";"-";"+";"-";"-";"+";"§accorder§sa faveurs à "
"9";"+";"-";"-";"-";"<E>";" accorder";"-";"Poss0";" pardon";"-";" à";"+";"-";"+";"-";"-";"+";"§accorder§son pardon à "
"10";"+";"-";"-";"-";"<E>";" accorder";"-";"Poss0";" revanche";"-";" à";"+";"-";"+";"-";"-";"+";"§accorder§sa revanche à "
"11";"+";"-";"-";"-";"<E>";" adresser";"-";"Poss0";" respects";"-";" à";"+";"-";"+";"-";"-";"+";"§adresser§ses respects à "
"12";"+";"-";"-";"-";"<E>";" adresser";"-";"Poss0";" voeux";"-";" à";"+";"-";"+";"-";"-";"+";"§adresser§ses voeux à "
"13";"+";"-";"-";"-";"<E>";" agripper";"+";"Poss0";" doigts";"-";" à";"+";"+";"-";"+";"-";"+";"§agripper§ses doigts à "
"14";"+";"-";"-";"-";"<E>";" agripper";"+";"Poss0";" mains";"-";" à";"+";"+";"-";"+";"-";"+";"§agripper§ses mains à "
"15";"+";"-";"-";"-";"<E>";" agripper";"+";"Poss0";" ongles";"-";" à";"-";"+";"-";"+";"-";"+";"§agripper§ses ongles à "
"16";"+";"-";"-";"-";"<E>";" aiguiser";"+";"Poss0";" dents";"-";" sur";"+";"+";"-";"-";"+";"+";"§aiguiser§ses dents sur "
"17";"+";"-";"-";"-";"<E>";" apporter";"-";"Poss0";" pierre";"-";" à";"-";"+";"-";"+";"-";"+";"§apporter§sa pierre à "
"18";"+";"-";"-";"+";"n'";" apprendre";"-";"Poss0";" métier";"-";" à";"+";"-";"+";"-";"-";"-";"§n'apprendre§son métier à "
"19";"+";"-";"-";"-";"<E>";" arranger";"-";"Poss2";" affaire";"-";" à";"+";"-";"+";"-";"-";"+";"§arranger§son affait à "
"20";"+";"-";"-";"-";"<E>";" arrêter";"-";"Poss0";" choix";"-";" sur";"+";"+";"-";"-";"-";"+";"§arrêter§son choix sur "
"21";"+";"-";"-";"-";"<E>";" arrêter";"+";"Poss0";" oeil";"-";" sur";"+";"+";"-";"-";"-";"+";"§arrêter§son oeil sur "
"22";"+";"-";"-";"-";"<E>";" arrêter";"-";"Poss0";" pensée";"-";" sur";"+";"+";"-";"-";"+";"+";"§arrêter§son pensée sur "
"23";"+";"-";"-";"-";"<E>";" arrêter";"-";"Poss0";" regard";"-";" sur";"+";"+";"-";"-";"-";"+";"§arrêter§son regard sur "
"24";"+";"-";"-";"-";"<E>";" arrondir";"-";"Poss0";" fins de mois";"+";" avec";"-";"+";"-";"-";"-";"+";"§arrondir§ses fins de mois avec "
"25";"+";"-";"-";"-";"<E>";" asséner";"-";"Poss2 quatre";" vérités";"-";" à";"+";"-";"+";"-";"-";"-";"§asséner§ses quatre vérités à "
"26";"+";"+";"-";"-";"<E>";" attacher";"-";"Poss0";" nom";"-";" à";"-";"+";"-";"+";"-";"+";"§attacher§son nom à "
"27";"+";"-";"-";"-";"<E>";" attacher";"-";"Poss0";" regard";"-";" à";"-";"+";"-";"+";"-";"+";"§attacher§son regard à "
"28";"+";"-";"-";"-";"<E>";" avouer";"-";"Poss0";" erreurs";"+";" à";"+";"-";"+";"-";"-";"+";"§avouer§ses erreurs à "
"29";"+";"-";"-";"-";"<E>";" avouer";"-";"Poss0";" fautes";"+";" à";"+";"-";"+";"-";"-";"+";"§avouer§ses fautes à "
"30";"+";"-";"-";"-";"<E>";" avouer";"-";"Poss0";" ignorance";"+";" à";"+";"-";"+";"-";"-";"+";"§avouer§son ignorance à "
"31";"+";"-";"-";"-";"<E>";" avouer";"-";"Poss0";" impuissance";"+";" à";"+";"-";"+";"-";"-";"+";"§avouer§son impuissance à "
"32";"+";"-";"-";"-";"<E>";" avouer";"-";"Poss0";" incapacité";"+";" à";"+";"-";"+";"-";"-";"+";"§avouer§son incapacité à "
"33";"+";"-";"-";"-";"<E>";" avouer";"-";"Poss0";" torts";"+";" à";"+";"-";"+";"-";"-";"+";"§avouer§ses torts à "
"34";"+";"-";"-";"-";"<E>";" baisser";"-";"Poss0";" culotte";"-";" devant";"+";"+";"-";"-";"-";"-";"§baisser§sa culotte devant "
"35";"+";"-";"-";"-";"<E>";" baisser";"-";"Poss0";" froc";"-";" devant";"+";"-";"-";"-";"-";"+";"§baisser§son froc devant "
"36";"+";"-";"-";"-";"<E>";" baisser";"-";"Poss0";" garde";"+";" devant";"+";"+";"-";"-";"-";"-";"§baisser§sa garde devant "
"37";"+";"-";"-";"-";"<E>";" baisser";"-";"Poss0";" pantalon";"-";" devant";"+";"-";"-";"-";"-";"+";"§baisser§son pantalon devant "
"38";"+";"-";"-";"-";"<E>";" boucher";"+";"Poss0";" oreilles";"-";" à";"-";"+";"-";"+";"-";"+";"§boucher§ses oreilles à "
"39";"+";"-";"-";"-";"<E>";" braquer";"-";"Poss0";" regard";"-";" sur";"+";"+";"-";"-";"+";"+";"§braquer§son regard sur "
"40";"+";"-";"-";"-";"<E>";" braquer";"+";"Poss0";" yeux";"-";" sur";"+";"+";"-";"-";"+";"+";"§braquer§ses yeux sur "
"41";"+";"-";"-";"-";"<E>";" brûler";"+";"Poss0";" ailes";"-";" à";"-";"+";"-";"+";"-";"-";"§brûler§ses ailes à "
"42";"+";"-";"-";"-";"<E>";" brûler";"+";"Poss0";" doigts";"-";" à";"-";"+";"-";"+";"-";"-";"§brûler§ses doigts à "
"43";"+";"+";"-";"-";"<E>";" cacher";"-";"Poss0";" jeu";"-";" à";"+";"-";"+";"-";"-";"+";"§cacher§son jeu à "
"44";"+";"-";"-";"-";"<E>";" céder";"-";"Poss0";" place";"+";" à";"+";"-";"+";"-";"-";"+";"§céder§sa place à "
"45";"+";"-";"-";"-";"<E>";" céder";"-";"Poss0";" tour";"+";" à";"+";"-";"+";"-";"-";"+";"§céder§son tour à "
"46";"+";"-";"-";"-";"<E>";" chercher";"-";"Poss0";" bonheur";"-";" Loc";"+";"+";"-";"+";"-";"-";"§chercher§son bonheur Loc "
"47";"+";"-";"-";"-";"<E>";" chercher";"-";"Poss0";" salut";"+";" Loc";"-";"+";"-";"-";"-";"-";"§chercher§son salut Loc "
"48";"+";"+";"-";"-";"<E>";" concentrer";"-";"Poss0";" esprit";"+";" sur";"+";"+";"-";"-";"+";"+";"§concentrer§son esprit sur "
"49";"+";"-";"-";"-";"<E>";" concentrer";"-";"Poss0";" regards";"+";" sur";"+";"+";"-";"-";"+";"+";"§concentrer§ses regards sur "
"50";"+";"+";"-";"-";"<E>";" condamner";"-";"Poss0";" porte";"-";" à";"+";"-";"+";"-";"-";"+";"§condamner§sa porte à "
"51";"+";"+";"-";"-";"<E>";" conduire";"-";"Poss0";" pas";"-";" Loc";"-";"+";"-";"-";"-";"+";"§conduire§ses pas Loc "
"52";"+";"-";"-";"-";"<E>";" confesser";"-";"Poss0";" ignorance";"+";" à";"+";"-";"+";"-";"-";"+";"§confesser§son ignorance à "
"53";"+";"-";"-";"-";"<E>";" confesser";"-";"Poss0";" impuissance";"+";" à";"+";"-";"+";"-";"-";"+";"§confesser§son impuissance à "
"54";"+";"-";"-";"-";"<E>";" confesser";"-";"Poss0";" incapacité";"+";" à";"+";"-";"+";"-";"-";"+";"§confesser§son incapacité à "
"55";"+";"-";"-";"-";"<E>";" confier";"-";"Poss0";" intérêts";"+";" à";"+";"-";"+";"-";"-";"+";"§confier§ses intérêts à "
"56";"+";"-";"-";"-";"<E>";" conquérir";"-";"Poss0";" galons";"-";" Loc";"+";"+";"-";"+";"-";"+";"§conquérir§ses galons Loc "
"57";"+";"-";"-";"-";"<E>";" conserver";"-";"Poss0";" distances";"-";" avec";"+";"+";"-";"-";"-";"-";"§conserver§ses distances avec "
"58";"+";"-";"-";"-";"<E>";" consigner";"-";"Poss0";" porte";"+";" à";"+";"-";"+";"-";"-";"+";"§consigner§sa porte à "
"59";"+";"+";"-";"-";"<E>";" consommer";"-";"Poss0";" divorce";"+";" avec";"+";"-";"-";"-";"-";"+";"§consommer§son divorce avec "
"60";"+";"+";"-";"-";"<E>";" consommer";"-";"Poss0";" rupture";"+";" avec";"+";"+";"-";"-";"-";"+";"§consommer§sa rupture avec "
"61";"+";"+";"-";"-";"<E>";" consommer";"-";"Poss0";" séparation";"+";" avec";"+";"+";"-";"-";"-";"+";"§consommer§sa séparation avec "
"62";"+";"-";"-";"-";"<E>";" courir";"-";"Poss0";" chance";"+";" auprès de";"+";"-";"-";"-";"-";"-";"§courir§sa chance auprès de "
"63";"-";"+";"-";"-";"<E>";" coûter";"-";"Poss0";" tête";"-";" à";"+";"-";"+";"-";"-";"-";"§coûter§sa tête à "
"64";"+";"-";"-";"-";"<E>";" crisper";"+";"Poss0";" doigts";"-";" sur";"-";"+";"-";"-";"+";"+";"§crisper§ses doigts sur "
"65";"+";"-";"-";"-";"<E>";" crisper";"+";"Poss0";" mains";"-";" sur";"-";"+";"-";"-";"+";"+";"§crisper§ses mains sur "
"66";"+";"-";"-";"-";"<E>";" crisper";"+";"Poss0";" phalanges";"-";" sur";"-";"+";"-";"-";"+";"+";"§crisper§ses phalanges sur "
"67";"-";"+";"-";"-";"<E>";" darder";"-";"Poss0";" rayons";"+";" Loc";"-";"+";"-";"-";"-";"+";"§darder§ses rayons Loc "
"68";"+";"-";"-";"-";"<E>";" darder";"-";"Poss0";" regards";"-";" sur";"+";"+";"-";"-";"-";"+";"§darder§son regards sur "
"69";"-";"+";"-";"-";"<E>";" déballer";"+";"Poss0";" sac";"-";" sur";"-";"+";"-";"+";"+";"+";"§déballer§son sac sur "
"70";"+";"+";"-";"-";"<E>";" décharger";"+";"Poss0";" bile";"+";" sur";"+";"+";"-";"-";"+";"+";"§décharger§sa bile sur "
"71";"+";"-";"-";"-";"<E>";" déclarer";"-";"Poss0";" flamme";"-";" à";"+";"-";"+";"-";"-";"-";"§déclarer§sa flamme à "
"72";"+";"-";"-";"-";"<E>";" décliner";"-";"Poss0";" responsabilité";"+";" Loc";"-";"+";"-";"-";"-";"+";"§décliner§sa responsabilité Loc "
"73";"+";"-";"-";"-";"<E>";" découvrir";"+";"Poss0";" âme";"+";" à";"+";"-";"+";"-";"-";"-";"§découvrir§son âme à "
"74";"+";"-";"-";"-";"<E>";" découvrir";"+";"Poss0";" coeur";"+";" à";"+";"-";"+";"-";"-";"-";"§découvrir§son coeur à "
"75";"+";"-";"-";"-";"<E>";" découvrir";"-";"Poss0";" jeu";"+";" à";"+";"-";"+";"-";"-";"+";"§découvrir§son jeu à "
"76";"+";"-";"-";"-";"<E>";" défendre";"-";"Poss0";" porte";"-";" à";"+";"-";"+";"-";"-";"-";"§défendre§sa porte à "
"77";"+";"-";"-";"-";"<E>";" défendre";"-";"Poss0";" titre";"+";" contre";"+";"-";"-";"-";"-";"+";"§défendre§son titre contre "
"78";"+";"-";"-";"-";"<E>";" défendre";"-";"Poss0";" titre de champion de N";"+";" contre";"+";"-";"-";"-";"-";"+";"§défendre§son titre de champion de N contre "
"79";"+";"-";"-";"-";"<E>";" défendre";"-";"Poss0";" titre de N-hum";"+";" contre";"+";"-";"-";"-";"-";"+";"§défendre§son titre de N-hum contre "
"80";"+";"-";"-";"-";"<E>";" dégager";"-";"Poss0";" responsabilité";"+";" de";"-";"+";"-";"+";"-";"+";"§dégager§sa responsabilité de "
"81";"+";"-";"-";"-";"<E>";" demander";"-";"Poss0";" conge";"-";" à";"+";"-";"+";"-";"-";"+";"§demander§son conge à "
"82";"+";"-";"-";"-";"<E>";" demander";"-";"Poss0";" grâce";"+";" à";"+";"-";"+";"-";"-";"-";"§demander§sa grâce à "
"83";"+";"-";"-";"+";"ne";" demander";"-";"Poss0";" reste";"+";" à";"+";"-";"+";"-";"-";"-";"§ne demander§son reste à "
"84";"+";"-";"-";"+";"ne";" demander pas";"-";"Poss2";" avis";"-";" à";"+";"-";"+";"-";"-";"+";"§ne demander pas§son avis à "
"85";"+";"-";"-";"-";"<E>";" démasquer";"-";"Poss0";" batteries";"+";" à";"+";"-";"+";"-";"-";"+";"§démasquer§ses batteries à "
"86";"+";"-";"-";"-";"<E>";" déposer";"-";"Poss0";" carte";"+";" Loc";"+";"+";"+";"+";"-";"+";"§déposer§sa carte Loc "
"87";"+";"+";"-";"-";"<E>";" détacher";"-";"Poss0";" pensée";"-";" de";"+";"+";"-";"+";"-";"-";"§détacher§ses pensée de "
"88";"+";"+";"-";"-";"<E>";" détacher";"-";"Poss0";" regard";"-";" de";"+";"+";"-";"+";"-";"-";"§détacher§son regard de "
"89";"+";"+";"-";"-";"<E>";" détacher";"-";"Poss0";" vue";"-";" de";"+";"+";"-";"+";"-";"-";"§détacher§sa vue de "
"90";"+";"+";"-";"-";"<E>";" détacher";"+";"Poss0";" yeux";"-";" de";"+";"+";"-";"+";"-";"-";"§détacher§ses yeux de "
"91";"+";"+";"-";"-";"<E>";" détourner";"-";"Poss0";" attention";"-";" de";"+";"+";"-";"+";"-";"+";"§détourner§son attention de "
"92";"+";"+";"-";"-";"<E>";" détourner";"-";"Poss0";" esprit";"-";" de";"+";"+";"-";"+";"-";"+";"§détourner§son esprit de "
"93";"+";"+";"-";"-";"<E>";" détourner";"-";"Poss0";" pensées";"-";" de";"+";"+";"-";"+";"-";"+";"§détourner§ses pensées de "
"94";"+";"+";"-";"-";"<E>";" détourner";"-";"Poss0";" regard";"-";" de";"+";"+";"-";"+";"-";"-";"§détourner§ regard de "
"95";"+";"+";"-";"-";"<E>";" détourner";"+";"Poss0";" visage";"-";" de";"+";"+";"-";"+";"-";"-";"§détourner§son visage de "
"96";"+";"+";"-";"-";"<E>";" détourner";"-";"Poss0";" vue";"-";" de";"+";"+";"-";"+";"-";"-";"§détourner§sa vue de "
"97";"+";"+";"-";"-";"<E>";" détourner";"+";"Poss0";" yeux";"-";" de";"+";"+";"-";"+";"-";"-";"§détourner§ses yeux de "
"98";"+";"-";"-";"-";"<E>";" déverser";"+";"Poss0";" bile";"-";" sur";"+";"+";"-";"-";"+";"+";"§déverser§sa bile sur "
"99";"+";"-";"-";"-";"<E>";" déverser";"-";"Poss0";" colère";"-";" sur";"+";"+";"-";"-";"+";"+";"§déverser§sa colère sur "
"100";"+";"-";"-";"-";"<E>";" déverser";"+";"Poss0";" fiel";"-";" sur";"+";"+";"-";"-";"+";"+";"§déverser§son fiel sur "
"101";"+";"-";"-";"-";"<E>";" déverser";"-";"Poss0";" rage";"-";" sur";"+";"+";"-";"-";"+";"+";"§déverser§sa rage sur "
"102";"+";"-";"-";"-";"<E>";" déverser";"+";"Poss0";" venin";"+";" sur";"+";"-";"-";"-";"-";"+";"§déverser§son venin sur "
"103";"+";"+";"-";"-";"<E>";" dévoiler";"-";"Poss0";" batteries";"+";" à";"+";"-";"+";"-";"-";"-";"§dévoiler§ses batteries à "
"104";"+";"+";"-";"-";"<E>";" dicter";"-";"Poss2";" devoir";"+";" à";"+";"-";"+";"-";"-";"+";"§dicter§son devoir à "
"105";"+";"+";"-";"-";"<E>";" dicter";"-";"Poss0";" loi";"+";" à";"+";"+";"-";"-";"-";"+";"§dicter§sa loi à "
"106";"+";"-";"-";"-";"<E>";" dicter";"-";"Poss0";" ordres";"-";" à";"+";"-";"+";"-";"-";"+";"§dicter§ses ordres à "
"107";"+";"+";"-";"-";"<E>";" dicter";"-";"Poss0";" volonté";"+";" à";"+";"+";"-";"-";"-";"+";"§dicter§sa volonté à "
"108";"+";"-";"-";"-";"<E>";" dire";"-";"Poss2";" fait";"-";" à";"+";"-";"+";"-";"-";"-";"§dire§son fait à "
"109";"+";"-";"-";"-";"<E>";" dire";"-";"Poss2 quatre";" vérités";"-";" à";"+";"-";"+";"-";"-";"-";"§dire§ses quatre vérités à "
"110";"+";"+";"-";"-";"<E>";" diriger";"-";"Poss0";" pas";"-";" Loc";"-";"+";"-";"-";"-";"-";"§diriger§son pas Loc "
"111";"+";"+";"-";"-";"<E>";" diriger";"-";"Poss0";" regard";"-";" sur";"+";"+";"-";"-";"+";"+";"§diriger§son regard sur "
"112";"+";"+";"-";"-";"<E>";" diriger";"-";"Poss0";" yeux";"-";" sur";"+";"+";"-";"-";"+";"+";"§diriger§ses yeux sur "
"113";"+";"-";"-";"+";"ne";" donner";"-";"Poss2";" âge";"-";" à";"+";"-";"+";"-";"-";"-";"§ne donner§son âge à "
"114";"+";"-";"-";"-";"<E>";" donner";"-";"Poss0";" bénédiction";"-";" à";"+";"-";"+";"-";"-";"+";"§donner§sa bénédiction à "
"115";"+";"-";"-";"-";"<E>";" donner";"+";"Poss0";" coeur";"+";" à";"+";"-";"+";"-";"-";"-";"§donner§son coeur à "
"116";"+";"-";"-";"-";"<E>";" donner";"-";"Poss0";" concours";"+";" à";"+";"+";"+";"-";"-";"+";"§donner§son concours à "
"117";"+";"-";"-";"-";"<E>";" donner";"-";"Poss0";" confiance";"-";" à";"+";"-";"+";"-";"-";"-";"§donner§sa confiance à "
"118";"+";"-";"-";"-";"<E>";" donner";"-";"Poss2";" congé";"-";" à";"+";"-";"+";"-";"-";"+";"§donner§son congé à "
"119";"+";"-";"-";"-";"<E>";" donner";"-";"Poss0";" démission";"-";" à";"+";"-";"+";"-";"-";"+";"§donner§sa démission à "
"120";"+";"-";"-";"-";"<E>";" donner";"-";"Poss0";" garantie";"+";" à";"+";"-";"+";"-";"-";"+";"§donner§sa garantie à "
"121";"+";"-";"-";"-";"<E>";" donner";"-";"Poss2 huit";" jours";"-";" à";"+";"-";"+";"-";"-";"+";"§donner§ses huit jours à "
"122";"+";"-";"-";"-";"<E>";" donner";"-";"Poss0 huit";" jours";"+";" à";"+";"-";"+";"-";"-";"+";"§donner§ses huit jours à "
"123";"+";"+";"-";"-";"<E>";" donner";"-";"Poss0";" mesure";"+";" à";"+";"-";"+";"-";"-";"+";"§donner§sa mesure à "
"124";"+";"+";"-";"-";"<E>";" donner";"-";"toute Poss0";" mesure";"+";" à";"+";"-";"+";"-";"-";"+";"§donner§toute sa mesure à "
"125";"+";"-";"-";"-";"<E>";" donner";"-";"Poss0";" nom";"-";" à";"+";"-";"+";"-";"-";"-";"§donner§son nom à "
"126";"+";"+";"-";"-";"<E>";" donner";"-";"Poss0";" nom";"-";" à";"-";"+";"-";"+";"-";"+";"§donner§son nom à "
"127";"+";"-";"-";"-";"<E>";" donner";"-";"de Poss0";" nouvelles";"-";" à";"+";"-";"+";"-";"-";"-";"§donner§de ses nouvelles à "
"128";"+";"-";"-";"-";"<E>";" donner";"-";"Poss0";" place";"-";" à";"+";"-";"+";"-";"-";"+";"§donner§sa place à "
"129";"+";"-";"-";"-";"<E>";" donner";"-";"Poss0";" revanche";"-";" à";"+";"-";"+";"-";"-";"+";"§donner§sa revanche à "
"130";"+";"-";"-";"-";"<E>";" donner";"+";"Poss0";" sang";"+";" pour";"-";"+";"-";"-";"-";"+";"§donner§son sang pour "
"131";"+";"-";"-";"-";"<E>";" donner";"-";"Poss0";" soutien";"-";" à";"+";"-";"+";"-";"-";"+";"§donner§son soutien à "
"132";"+";"-";"-";"-";"<E>";" donner";"-";"Poss0";" tour";"-";" à";"+";"-";"+";"-";"-";"+";"§donner§son tour à "
"133";"+";"-";"-";"-";"<E>";" donner";"-";"Poss0";" vie";"-";" pour";"-";"+";"-";"-";"-";"-";"§donner§sa vie pour "
"134";"+";"-";"-";"-";"<E>";" donner";"-";"Poss0";" voix";"-";" à";"+";"-";"+";"-";"-";"+";"§donner§sa voix à "
"135";"+";"+";"-";"-";"<E>";" doubler";"-";"Poss0";" mise";"+";" Loc";"-";"+";"-";"+";"-";"+";"§doubler§sa mise Loc "
"136";"+";"-";"-";"-";"<E>";" dresser";"-";"Poss0";" tente";"+";" Loc";"+";"+";"-";"+";"+";"+";"§dresser§sa tente Loc "
"137";"+";"+";"-";"-";"<E>";" encombrer";"-";"Poss0";" esprit";"+";" de";"-";"+";"-";"+";"-";"+";"§encombrer§son esprit de "
"138";"+";"+";"-";"-";"<E>";" encombrer";"-";"Poss0";" mémoire";"+";" de";"-";"+";"-";"+";"-";"+";"§encombrer§sa mémoire de "
"139";"+";"-";"-";"-";"<E>";" engager";"-";"Poss0";" responsabilité";"+";" Loc";"-";"+";"-";"+";"-";"+";"§engager§sa responsabilité Loc "
"140";"+";"-";"-";"-";"<E>";" envoyer";"-";"Poss0";" témoins";"-";" à";"+";"-";"+";"-";"-";"+";"§envoyer§son témoins à "
"141";"+";"-";"-";"-";"<E>";" épancher";"+";"Poss0";" bile";"-";" sur";"+";"-";"-";"-";"+";"+";"§épancher§sa bile sur "
"142";"+";"-";"-";"-";"<E>";" épancher";"+";"Poss0";" coeur";"+";" à";"+";"-";"+";"-";"-";"-";"§épancher§son coeur à "
"143";"+";"-";"-";"-";"<E>";" épancher";"+";"Poss0";" fiel";"-";" sur";"+";"-";"-";"-";"+";"+";"§épancher§son fiel sur "
"144";"+";"-";"-";"-";"<E>";" épancher";"-";"Poss0";" humeur";"-";" sur";"+";"-";"-";"-";"+";"+";"§épancher§son humeur sur "
"145";"+";"+";"-";"-";"<E>";" épargner";"-";"Poss2";" commentaires";"-";" à";"+";"-";"+";"-";"-";"+";"§épargner§ses commentaires à "
"146";"+";"-";"-";"-";"<E>";" établir";"-";"Poss0";" batteries";"+";" Loc";"+";"+";"-";"+";"-";"+";"§établir§ses batteries Loc "
"147";"+";"-";"-";"-";"<E>";" établir";"-";"Poss0";" quartier";"-";" Loc";"+";"+";"-";"+";"-";"+";"§établir§son quartier Loc "
"148";"+";"-";"-";"-";"<E>";" établir";"-";"Poss0";" résidence";"-";" Loc";"+";"+";"-";"+";"-";"+";"§établir§sa résidence Loc "
"149";"+";"+";"-";"-";"<E>";" étendre";"-";"Poss0";" protection";"+";" à";"+";"+";"+";"+";"-";"+";"§étendre§sa protection à "
"150";"+";"-";"-";"-";"<E>";" exercer";"-";"Poss0";" talents";"-";" Loc";"+";"+";"-";"-";"-";"+";"§exercer§son talents Loc "
"151";"+";"-";"-";"-";"<E>";" exercer";"-";"Poss0";" volonté";"-";" sur";"+";"+";"-";"-";"-";"+";"§exercer§sa volonté sur "
"152";"+";"-";"-";"-";"<E>";" faire";"-";"Poss0";" adieux";"-";" à";"+";"-";"+";"-";"-";"+";"§fait§ses adieux à "
"153";"+";"-";"-";"-";"<E>";" faire";"-";"Poss2";" affaire";"-";" à";"+";"-";"+";"-";"-";"+";"§fait§son affait à "
"154";"+";"-";"-";"-";"<E>";" faire";"-";"Poss0 premières";" armes";"-";" Loc";"+";"+";"-";"+";"-";"+";"§fait§ses premières armes Loc "
"155";"+";"-";"-";"-";"<E>";" faire";"-";"Poss0";" choux gras";"-";" de";"-";"+";"-";"+";"-";"+";"§fait§ses choux gras de "
"156";"+";"-";"-";"-";"<E>";" faire";"-";"Poss0";" conditions";"-";" à";"+";"-";"+";"-";"-";"-";"§fait§ses conditions à "
"157";"+";"-";"-";"-";"<E>";" faire";"-";"Poss0";" débuts";"+";" Loc";"+";"+";"-";"+";"-";"-";"§fait§ses débuts Loc "
"158";"+";"-";"-";"-";"<E>";" faire";"-";"Poss0";" délices";"-";" de";"-";"+";"-";"+";"-";"-";"§fait§ses délices de "
"159";"+";"-";"-";"-";"<E>";" faire";"+";"Poss0";" dents";"+";" sur";"+";"+";"-";"-";"+";"-";"§fait§ses dents sur "
"160";"+";"-";"-";"-";"<E>";" faire";"-";"Poss0";" deuil";"-";" de";"-";"+";"-";"+";"-";"-";"§fait§son deuil de "
"161";"+";"-";"-";"-";"<E>";" faire";"-";"Poss0";" entrée";"-";" Loc";"+";"+";"-";"+";"-";"+";"§fait§son entrée Loc "
"162";"+";"-";"-";"-";"<E>";" faire";"-";"Poss0";" excuses";"-";" à";"+";"-";"+";"-";"-";"+";"§fait§ses excuses à "
"163";"+";"-";"-";"-";"<E>";" faire";"-";"Poss2";" fête";"-";" à";"+";"-";"+";"-";"-";"-";"§fait§soa fête à "
"164";"+";"-";"+";"-";"se";" faire";"-";"Poss0";" idée";"+";" sur";"+";"+";"-";"-";"+";"-";"§se fait§son idée sur "
"165";"+";"+";"-";"-";"<E>";" faire";"-";"Poss0";" jonction";"-";" avec";"+";"-";"-";"-";"-";"+";"§fait§sa jonction avec "
"166";"+";"-";"-";"-";"<E>";" faire";"-";"Poss0";" ordinaire";"-";" de";"-";"+";"-";"+";"-";"+";"§fait§son ordinaire de "
"167";"+";"-";"-";"-";"<E>";" faire";"-";"Poss0 premiers";" pas";"+";" Loc";"+";"+";"-";"+";"-";"-";"§fait§ses premiers pas Loc "
"168";"+";"-";"-";"-";"<E>";" faire";"-";"Poss0";" pâture";"-";" de";"-";"+";"-";"+";"-";"+";"§fait§sa pâture de "
"169";"+";"-";"+";"-";"se";" faire";"-";"Poss0";" religion";"-";" sur";"+";"+";"-";"-";"+";"+";"§se fait§sa religion sur "
"170";"+";"-";"-";"-";"<E>";" faire";"-";"Poss0";" rentrée";"+";" Loc";"+";"+";"-";"+";"-";"-";"§fait§sa rentrée Loc "
"171";"+";"-";"-";"-";"<E>";" faire";"-";"Poss0 première";" sortie";"+";" Loc";"+";"+";"-";"+";"-";"+";"§fait§sa première sortie Loc "
"172";"+";"-";"-";"-";"<E>";" faire";"-";"Poss0";" soumission";"+";" à";"+";"-";"+";"-";"-";"+";"§fait§sa soumission à "
"173";"+";"-";"-";"-";"<E>";" fermer";"-";"Poss0";" bourse";"+";" à";"+";"-";"+";"-";"-";"+";"§fermer§sa bourse à "
"174";"+";"-";"-";"-";"<E>";" fermer";"-";"Poss0";" porte";"-";" à";"+";"-";"+";"-";"-";"+";"§fermer§sa porte à "
"175";"+";"-";"-";"-";"<E>";" finir";"-";"Poss0";" jours";"-";" Loc";"-";"+";"-";"+";"-";"-";"§finir§ses jours Loc "
"176";"+";"+";"-";"-";"<E>";" fixer";"-";"Poss0";" attention";"-";" sur";"+";"+";"-";"-";"+";"+";"§fixer§son attention sur "
"177";"+";"+";"-";"-";"<E>";" fixer";"-";"Poss0";" choix";"+";" sur";"+";"+";"-";"-";"+";"+";"§fixer§son choix sur "
"178";"+";"-";"-";"-";"<E>";" fixer";"-";"Poss0";" pénates";"-";" Loc";"+";"+";"-";"+";"-";"+";"§fixer§ses pénates Loc "
"179";"+";"-";"-";"-";"<E>";" fixer";"-";"Poss0";" regard";"-";" sur";"+";"+";"-";"-";"+";"+";"§fixer§son regard sur "
"180";"+";"-";"-";"-";"<E>";" fixer";"-";"Poss0";" yeux";"-";" sur";"+";"+";"-";"-";"+";"+";"§fixer§ses yeux sur "
"181";"+";"-";"-";"-";"<E>";" fourrer";"-";"Poss0";" grain de sel";"-";" Loc";"-";"+";"-";"+";"-";"+";"§fourrer§son grain de sel Loc "
"182";"+";"-";"-";"-";"<E>";" fourrer";"+";"Poss0";" nez";"-";" Loc";"-";"+";"-";"+";"-";"+";"§fourrer§son nez Loc "
"183";"+";"-";"-";"-";"<E>";" garder";"-";"Poss0";" distances";"-";" avec";"+";"+";"-";"-";"-";"-";"§garder§ses distances avec "
"184";"+";"+";"-";"-";"<E>";" imposer";"-";"Poss0";" loi";"-";" à";"+";"+";"+";"-";"-";"+";"§imposer§sa loi à "
"185";"+";"+";"-";"-";"<E>";" imposer";"-";"Poss0";" volonté";"-";" à";"+";"+";"+";"-";"-";"+";"§imposer§sa volonté à "
"186";"+";"-";"-";"-";"<E>";" installer";"-";"Poss0";" pénates";"-";" Loc";"+";"+";"-";"+";"-";"+";"§installer§ses pénates Loc "
"187";"+";"+";"-";"-";"<E>";" interdire";"-";"Poss0";" porte";"-";" à";"+";"-";"+";"-";"-";"+";"§interdire§sa porte à "
"188";"+";"-";"-";"-";"<E>";" jeter";"-";"Poss0";" dévolu";"-";" sur";"+";"+";"-";"-";"+";"-";"§jeter§son dévolu sur "
"189";"+";"-";"-";"-";"<E>";" jouer";"-";"Poss0";" chemise";"+";" sur";"-";"+";"-";"-";"+";"-";"§jouer§sa chemise sur "
"190";"+";"-";"-";"-";"<E>";" jouer";"-";"Poss0";" culotte";"+";" sur";"-";"+";"-";"-";"+";"-";"§jouer§sa culotte sur "
"191";"+";"-";"-";"-";"<E>";" jouer";"-";"Poss0";" destin";"+";" Loc";"-";"+";"-";"-";"+";"+";"§jouer§son destin Loc "
"192";"+";"-";"-";"-";"<E>";" jouer";"-";"Poss0";" destinée";"+";" Loc";"-";"+";"-";"-";"+";"+";"§jouer§sa destinée Loc "
"193";"+";"-";"-";"-";"<E>";" jouer";"-";"Poss0";" réputation";"+";" Loc";"-";"+";"-";"-";"+";"+";"§jouer§sa réputation Loc "
"194";"+";"-";"-";"-";"<E>";" laisser";"-";"Poss0";" existence";"-";" Loc";"-";"+";"-";"+";"-";"-";"§laisser§son existence Loc "
"195";"+";"-";"-";"-";"<E>";" laisser";"+";"Poss0";" peau";"-";" Loc";"+";"+";"-";"+";"-";"-";"§laisser§sa peau Loc "
"196";"+";"-";"-";"-";"<E>";" laisser";"+";"Poss0";" tête";"-";" Loc";"-";"+";"-";"+";"-";"-";"§laisser§sa tête Loc "
"197";"+";"-";"-";"-";"<E>";" laisser";"-";"Poss0";" vie";"-";" Loc";"+";"+";"-";"+";"-";"-";"§laisser§sa vie Loc "
"198";"+";"-";"-";"-";"<E>";" lever";"+";"Poss0";" cul";"+";" de";"-";"+";"-";"-";"-";"+";"§lever§son cul de "
"199";"+";"-";"-";"-";"<E>";" lever";"+";"Poss0";" fesses";"+";" de";"-";"+";"-";"-";"-";"+";"§lever§ses fesses de "
"200";"+";"-";"-";"-";"<E>";" livrer";"-";"Poss0";" âme";"+";" à";"+";"-";"+";"-";"-";"+";"§livrer§son âme à "
"201";"+";"-";"-";"-";"<E>";" livrer";"+";"Poss0";" coeur";"+";" à";"+";"-";"+";"-";"-";"-";"§livrer§son coeur à "
"202";"+";"-";"-";"+";"ne";" mâcher";"-";"Poss0";" mots";"+";" à";"+";"-";"+";"-";"-";"-";"§ne mâcher§ses mots à "
"203";"+";"+";"-";"-";"<E>";" maintenir";"-";"Poss0";" distances";"-";" avec";"+";"-";"-";"-";"-";"+";"§maintenir§ses distances avec "
"204";"+";"-";"-";"-";"<E>";" mettre";"+";"Poss0";" coeur";"-";" dans";"-";"+";"-";"+";"-";"-";"§mettre§son coeur dans "
"205";"+";"-";"-";"-";"<E>";" mettre";"-";"Poss0";" grain de sel";"-";" Loc";"-";"+";"-";"+";"-";"-";"§mettre§son grain de sel Loc "
"206";"+";"-";"-";"-";"<E>";" mettre";"+";"Poss0";" nez";"-";" Loc";"-";"+";"-";"+";"-";"-";"§mettre§son nez Loc "
"207";"+";"-";"-";"-";"<E>";" mettre";"-";"Poss0";" nom";"-";" sur";"-";"+";"-";"-";"+";"+";"§mettre§son nom sur "
"208";"+";"-";"-";"-";"<E>";" mijoter";"-";"Poss0";" vengeance";"+";" contre";"+";"-";"+";"-";"-";"-";"§mijoter§sa vengeance contre "
"209";"+";"-";"-";"-";"<E>";" miser";"-";"Poss0";" chemise";"-";" sur";"-";"+";"-";"-";"+";"-";"§miser§sa chemise sur "
"210";"+";"-";"-";"-";"<E>";" miser";"-";"Poss0";" culotte";"-";" sur";"-";"+";"-";"-";"+";"-";"§miser§sa culotte sur "
"211";"+";"-";"-";"-";"<E>";" montrer";"-";"Poss0";" collection de papillons à vapeur";"-";" à";"+";"-";"+";"-";"-";"+";"§montrer§sa collection de papillons à vapeur à "
"212";"+";"-";"-";"-";"<E>";" montrer";"-";"Poss0";" collection d'estampes japonaises";"-";" à";"+";"-";"+";"-";"-";"+";"§montrer§sa collection d'estampes japonaises à "
"213";"+";"+";"-";"-";"<E>";" noyer";"-";"Poss0";" chagrin";"+";" Loc";"-";"+";"-";"+";"-";"+";"§noyer§son chagrin Loc "
"214";"+";"+";"-";"-";"<E>";" noyer";"-";"Poss0";" malheurs";"+";" Loc";"-";"+";"-";"+";"-";"+";"§noyer§son malheurs Loc "
"215";"+";"+";"-";"-";"<E>";" noyer";"-";"Poss0";" tristesse";"+";" Loc";"-";"+";"-";"+";"-";"+";"§noyer§sa tristesse Loc "
"216";"+";"-";"-";"-";"<E>";" offrir";"+";"Poss0";" bras";"+";" à";"+";"-";"+";"-";"-";"-";"§offrir§son bras à "
"217";"+";"-";"-";"-";"<E>";" offrir";"+";"Poss0";" coeur";"-";" à";"+";"-";"+";"-";"-";"-";"§offrir§son coeur à "
"218";"+";"-";"-";"-";"<E>";" offrir";"-";"Poss0";" concours";"+";" à";"+";"+";"+";"-";"-";"+";"§offrir§son concours à "
"219";"+";"-";"-";"-";"<E>";" offrir";"-";"Poss0";" existence";"+";" à";"+";"-";"+";"-";"-";"+";"§offrir§son existence à "
"220";"+";"-";"-";"-";"<E>";" offrir";"-";"Poss0";" nom";"-";" à";"+";"-";"+";"-";"-";"-";"§offrir§son nom à "
"221";"+";"-";"-";"-";"<E>";" offrir";"-";"Poss0";" services";"+";" à";"+";"-";"+";"-";"-";"+";"§offrir§son services à "
"222";"+";"-";"-";"-";"<E>";" offrir";"-";"Poss0";" vie";"+";" à";"+";"-";"+";"-";"-";"+";"§offrir§sa vie à "
"223";"+";"-";"-";"-";"<E>";" opposer";"-";"Poss0";" veto";"-";" à";"+";"+";"+";"+";"-";"+";"§opposer§son veto à "
"224";"+";"+";"-";"-";"<E>";" orienter";"-";"Poss0";" pas";"-";" Loc";"-";"+";"-";"-";"-";"-";"§orienter§son pas Loc "
"225";"+";"+";"-";"-";"<E>";" ouvrir";"-";"Poss0";" bourse";"-";" à";"+";"-";"+";"-";"-";"+";"§ouvrir§sa bourse à "
"226";"+";"-";"-";"-";"<E>";" ouvrir";"-";"Poss0";" bourse";"+";" à";"+";"-";"+";"-";"-";"+";"§ouvrir§sa bourse à "
"227";"+";"+";"-";"-";"<E>";" ouvrir";"+";"Poss0";" coeur";"+";" à";"+";"-";"+";"-";"-";"-";"§ouvrir§son coeur à "
"228";"+";"-";"-";"-";"<E>";" ouvrir";"-";"Poss0";" colonnes";"-";" à";"+";"-";"+";"-";"-";"+";"§ouvrir§ses colonnes à "
"229";"+";"-";"-";"-";"<E>";" ouvrir";"-";"Poss0";" maison";"-";" à";"+";"-";"+";"-";"-";"+";"§ouvrir§sa maison à "
"230";"+";"+";"-";"-";"<E>";" ouvrir";"-";"Poss0";" porte";"-";" à";"+";"-";"+";"-";"-";"+";"§ouvrir§sa porte à "
"231";"-";"+";"-";"-";"<E>";" ouvrir";"-";"Poss0";" rangs";"-";" à";"+";"-";"+";"-";"-";"+";"§ouvrir§ses rangs à "
"232";"+";"-";"-";"-";"<E>";" passer";"-";"Poss0";" caprice";"-";" sur";"+";"+";"-";"-";"-";"+";"§passer§son caprice sur "
"233";"+";"+";"-";"-";"<E>";" passer";"-";"Poss2";" caprices";"-";" à";"+";"-";"+";"-";"-";"+";"§passer§ses caprices à "
"234";"+";"-";"-";"-";"<E>";" passer";"-";"Poss0";" colère";"-";" sur";"+";"+";"-";"-";"+";"+";"§passer§sa colère sur "
"235";"+";"-";"-";"-";"<E>";" passer";"-";"Poss0";" congés";"-";" Loc";"+";"+";"-";"+";"-";"+";"§passer§ses congés Loc "
"236";"+";"+";"-";"-";"<E>";" passer";"-";"Poss2";" envie";"-";" à";"+";"-";"+";"-";"-";"+";"§passer§son envie à "
"237";"+";"+";"-";"-";"<E>";" passer";"-";"Poss0";" envie";"+";" sur";"+";"+";"-";"-";"+";"+";"§passer§son envie sur "
"238";"+";"-";"-";"-";"<E>";" passer";"-";"Poss2";" erreurs";"-";" à";"+";"-";"+";"-";"-";"+";"§passer§ses erreurs à "
"239";"+";"+";"-";"-";"<E>";" passer";"-";"Poss2";" fantaisies";"-";" à";"+";"-";"+";"-";"-";"+";"§passer§ses fantaisies à "
"240";"+";"-";"-";"-";"<E>";" passer";"-";"Poss2";" fautes";"-";" à";"+";"-";"+";"-";"-";"+";"§passer§ses fautes à "
"241";"+";"-";"-";"-";"<E>";" passer";"-";"Poss0 mauvaise";" humeur";"+";" sur";"+";"+";"-";"-";"+";"+";"§passer§sa mauvaise humeur sur "
"242";"+";"-";"-";"-";"<E>";" passer";"-";"Poss0";" humeur";"+";" sur";"+";"+";"-";"-";"+";"+";"§passer§sa humeur sur "
"243";"+";"-";"-";"-";"<E>";" passer";"-";"Poss0";" irritation";"-";" sur";"+";"+";"-";"-";"+";"+";"§passer§son irritation sur "
"244";"+";"-";"-";"-";"<E>";" passer";"-";"Poss0";" nerfs";"-";" sur";"+";"+";"+";"-";"-";"+";"§passer§ses nerfs sur "
"245";"+";"-";"-";"-";"<E>";" passer";"+";"Poss0";" nerfs";"-";" sur";"+";"+";"-";"-";"-";"+";"§passer§ses nerfs sur "
"246";"+";"-";"-";"-";"<E>";" passer";"-";"Poss0";" rage";"-";" sur";"+";"+";"-";"-";"+";"+";"§passer§sa rage sur "
"247";"+";"-";"-";"-";"<E>";" passer";"-";"Poss0";" vacances";"-";" Loc";"+";"+";"-";"+";"-";"+";"§passer§ses vacances Loc "
"248";"+";"-";"-";"-";"<E>";" payer";"-";"Poss0";" entrée";"+";" Loc";"+";"+";"-";"-";"-";"+";"§payer§son entrée Loc "
"249";"+";"-";"-";"-";"<E>";" payer";"-";"Poss0";" tribut";"+";" à";"-";"+";"-";"-";"-";"+";"§payer§son tribut à "
"250";"+";"-";"-";"-";"<E>";" pencher";"+";"Poss0";" front";"-";" sur";"+";"+";"-";"-";"-";"+";"§pencher§son front sur "
"251";"+";"-";"-";"-";"<E>";" pencher";"+";"Poss0";" tête";"-";" sur";"+";"+";"-";"-";"-";"+";"§pencher§sa tête sur "
"252";"+";"-";"-";"-";"<E>";" pencher";"+";"Poss0";" visage";"-";" sur";"+";"+";"-";"-";"-";"+";"§pencher§son visage sur "
"253";"+";"+";"-";"-";"<E>";" perdre";"-";"Poss0";" avantage";"+";" sur";"+";"+";"-";"-";"-";"-";"§perdre§son avantage sur "
"254";"+";"-";"-";"-";"<E>";" perdre";"-";"Poss0";" illusions";"+";" sur";"+";"+";"-";"-";"-";"-";"§perdre§ses illusions sur "
"255";"+";"-";"-";"-";"<E>";" perdre";"-";"Poss0";" moyens";"+";" devant";"+";"+";"-";"-";"-";"-";"§perdre§ses moyens devant "
"256";"+";"-";"-";"-";"<E>";" perdre";"-";"Poss0";" temps";"+";" Loc";"+";"+";"-";"-";"-";"+";"§perdre§son temps Loc "
"257";"+";"-";"-";"-";"<E>";" perdre";"-";"Poss0";" temps";"+";" en";"-";"+";"-";"-";"-";"+";"§perdre§son temps en "
"258";"+";"-";"-";"-";"<E>";" placer";"-";"Poss0";" billes";"+";" Loc";"+";"+";"-";"+";"-";"+";"§placer§ses billes Loc "
"259";"+";"-";"-";"-";"<E>";" placer";"-";"Poss0";" grain de sel";"-";" Loc";"-";"+";"-";"+";"-";"+";"§placer§son grain de sel Loc "
"260";"+";"-";"-";"-";"<E>";" planter";"-";"Poss0";" regard";"-";" Loc";"-";"+";"-";"-";"-";"+";"§planter§son regard Loc "
"261";"+";"-";"-";"-";"<E>";" planter";"+";"Poss0";" yeux";"-";" Loc";"-";"+";"-";"-";"-";"+";"§planter§ses yeux Loc "
"262";"+";"-";"-";"-";"<E>";" porter";"-";"Poss0";" affection";"-";" sur";"+";"-";"-";"-";"-";"+";"§porter§son affection sur "
"263";"+";"+";"-";"-";"<E>";" porter";"-";"Poss0";" amitié";"-";" sur";"+";"-";"-";"-";"-";"+";"§porter§son amitié sur "
"264";"+";"-";"-";"-";"<E>";" porter";"-";"Poss0";" attention";"-";" sur";"+";"+";"-";"-";"+";"+";"§porter§son attention sur "
"265";"+";"+";"-";"-";"<E>";" porter";"-";"Poss0";" choix";"-";" sur";"+";"+";"-";"-";"-";"+";"§porter§son choix sur "
"266";"+";"+";"-";"-";"<E>";" porter";"-";"Poss0";" confiance";"-";" sur";"+";"-";"-";"-";"-";"+";"§porter§sa confiance sur "
"267";"+";"+";"-";"-";"<E>";" porter";"-";"Poss0";" efforts";"-";" sur";"-";"+";"-";"-";"-";"+";"§porter§ses efforts sur "
"268";"+";"+";"-";"-";"<E>";" porter";"-";"Poss0";" pas";"-";" Loc";"-";"+";"-";"+";"-";"+";"§porter§son pas Loc "
"269";"+";"-";"-";"-";"<E>";" porter";"-";"Poss0";" regard";"-";" sur";"+";"+";"-";"-";"+";"-";"§porter§son regard sur "
"270";"+";"+";"-";"-";"<E>";" porter";"-";"Poss0";" soupçons";"-";" sur";"+";"+";"-";"-";"-";"-";"§porter§ses soupçons sur "
"271";"+";"-";"-";"-";"<E>";" poser";"-";"Poss0";" candidature";"+";" à";"-";"+";"-";"+";"-";"+";"§poser§sa candidature à "
"272";"+";"-";"-";"-";"<E>";" poser";"-";"Poss0";" conditions";"+";" à";"+";"-";"+";"-";"-";"+";"§poser§ses conditions à "
"273";"+";"-";"-";"-";"<E>";" poser";"+";"Poss0";" cul";"-";" Loc";"-";"+";"-";"+";"-";"-";"§poser§son cul Loc "
"274";"+";"-";"-";"-";"<E>";" poser";"+";"Poss0";" fesses";"-";" Loc";"-";"+";"-";"+";"-";"-";"§poser§ses fesses Loc "
"275";"+";"-";"-";"-";"<E>";" poser";"+";"Poss0";" lèvres";"-";" sur";"-";"+";"-";"+";"+";"+";"§poser§ses lèvres sur "
"276";"+";"-";"-";"-";"<E>";" poser";"-";"Poss0";" regard";"-";" sur";"+";"+";"-";"-";"+";"+";"§poser§son regard sur "
"277";"+";"-";"-";"-";"<E>";" pousser";"-";"Poss0";" avance";"+";" Loc";"-";"+";"-";"+";"-";"+";"§pousser§son avance Loc "
"278";"+";"+";"-";"-";"<E>";" précipiter";"-";"Poss0";" pas";"+";" Loc";"-";"+";"-";"+";"-";"-";"§précipiter§ses pas Loc "
"279";"+";"-";"-";"-";"<E>";" prendre";"-";"Poss0";" aises";"+";" avec";"+";"+";"-";"-";"-";"-";"§prendre§ses aises avec "
"280";"+";"-";"-";"-";"<E>";" prendre";"-";"Poss0";" directives";"-";" Loc";"-";"+";"-";"-";"-";"+";"§prendre§ses directives Loc "
"281";"+";"-";"-";"-";"<E>";" prendre";"-";"Poss0";" dispositions";"+";" pour";"-";"+";"-";"-";"-";"+";"§prendre§ses dispositions pour "
"282";"+";"-";"-";"-";"<E>";" prendre";"-";"Poss0";" distances";"+";" d'avec";"+";"+";"-";"-";"-";"+";"§prendre§ses distances d'avec "
"283";"+";"+";"-";"-";"<E>";" prendre";"-";"Poss0";" inspiration";"-";" Loc";"-";"+";"-";"-";"-";"+";"§prendre§son inspiration Loc "
"284";"+";"-";"-";"-";"<E>";" prendre";"-";"Poss0";" instructions";"-";" Loc";"-";"+";"-";"-";"-";"+";"§prendre§ses instructions Loc "
"285";"+";"-";"-";"-";"<E>";" prendre";"-";"Poss0";" ordres";"-";" Loc";"-";"+";"-";"+";"-";"+";"§prendre§soes ordres Loc "
"286";"+";"-";"-";"-";"<E>";" prendre";"+";"Poss0";" pied";"+";" avec";"+";"-";"-";"-";"-";"-";"§prendre§son pied avec "
"287";"+";"-";"-";"-";"<E>";" prendre";"-";"Poss0";" repas";"-";" Loc";"+";"+";"-";"-";"-";"+";"§prendre§son repas Loc "
"288";"+";"-";"-";"-";"<E>";" prendre";"-";"Poss0";" retraite";"-";" de";"-";"+";"-";"-";"-";"-";"§prendre§sa retraite de "
"289";"+";"-";"-";"-";"<E>";" prendre";"-";"Poss0";" revanche";"+";" sur";"+";"+";"-";"-";"+";"+";"§prendre§sa revanche sur "
"290";"+";"-";"-";"-";"<E>";" prendre";"-";"Poss0";" temps";"+";" pour";"-";"+";"-";"-";"-";"-";"§prendre§son temps pour "
"291";"+";"-";"-";"-";"<E>";" préparer";"-";"Poss0";" vengeance";"+";" contre";"+";"-";"+";"-";"-";"-";"§préparer§sa vengeance contre "
"292";"+";"-";"-";"-";"<E>";" présenter";"-";"Poss0";" civilités";"-";" à";"+";"-";"+";"-";"-";"+";"§présenter§ses civilités à "
"293";"+";"-";"-";"-";"<E>";" présenter";"-";"Poss0";" compliments";"-";" à";"+";"-";"+";"-";"-";"-";"§présenter§ses compliments à "
"294";"+";"-";"-";"-";"<E>";" présenter";"-";"Poss0";" condoléances";"-";" à";"+";"-";"+";"-";"-";"-";"§présenter§ses condoléances à "
"295";"+";"-";"-";"-";"<E>";" présenter";"-";"Poss0";" devoirs";"-";" à";"+";"-";"+";"-";"-";"+";"§présenter§ses devoirs à "
"296";"+";"-";"-";"-";"<E>";" présenter";"-";"Poss0";" excuses";"-";" à";"+";"-";"+";"-";"-";"+";"§présenter§ses excuses à "
"297";"+";"-";"-";"-";"<E>";" présenter";"-";"Poss0";" félicitations";"-";" à";"+";"-";"+";"-";"-";"+";"§présenter§ses félicitations à "
"298";"+";"-";"-";"-";"<E>";" présenter";"-";"Poss0";" hommages";"-";" à";"+";"-";"+";"-";"-";"+";"§présenter§ses hommages à "
"299";"+";"-";"-";"-";"<E>";" présenter";"-";"Poss0";" lettres de créance";"+";" à";"+";"-";"+";"-";"-";"+";"§présenter§ses lettres de créance à "
"300";"+";"-";"-";"-";"<E>";" présenter";"-";"Poss0";" remerciements";"-";" à";"+";"-";"+";"-";"-";"+";"§présenter§ses remerciements à "
"301";"+";"-";"-";"-";"<E>";" présenter";"-";"Poss0";" respects";"-";" à";"+";"-";"+";"-";"-";"+";"§présenter§ses respects à "
"302";"+";"-";"-";"-";"<E>";" présenter";"-";"Poss0";" voeux de N-hum";"-";" à";"+";"-";"+";"-";"-";"+";"§présenter§ses voeux de N-hum à "
"303";"+";"-";"-";"-";"<E>";" prêter";"-";"Poss0";" nom";"-";" à";"+";"+";"+";"+";"-";"-";"§prêter§son nom à "
"304";"+";"-";"-";"-";"<E>";" promener";"+";"Poss0";" doigt";"-";" Loc";"-";"+";"-";"+";"-";"-";"§promener§son doigt Loc "
"305";"+";"-";"-";"-";"<E>";" promener";"+";"Poss0";" main";"-";" Loc";"-";"+";"-";"+";"-";"-";"§promener§sa main Loc "
"306";"+";"-";"-";"-";"<E>";" promener";"-";"Poss0";" regard";"-";" sur";"+";"+";"-";"-";"+";"-";"§promener§son regard sur "
"307";"+";"-";"-";"-";"<E>";" promettre";"+";"Poss0";" coeur";"+";" à";"+";"-";"+";"-";"-";"+";"§promettre§son coeur à "
"308";"+";"-";"-";"-";"<E>";" puiser";"-";"Poss0";" courage";"-";" Loc";"-";"+";"-";"+";"-";"+";"§puiser§son courage Loc "
"309";"+";"-";"-";"-";"<E>";" puiser";"-";"Poss0";" énergie";"-";" Loc";"-";"+";"-";"+";"-";"+";"§puiser§son énergie Loc "
"310";"+";"-";"-";"-";"<E>";" puiser";"-";"Poss0";" force";"-";" Loc";"-";"+";"-";"+";"-";"+";"§puiser§sa force Loc "
"311";"+";"+";"-";"-";"<E>";" puiser";"-";"Poss0";" inspiration";"-";" Loc";"-";"+";"-";"-";"-";"+";"§puiser§son inspiration Loc "
"312";"+";"-";"-";"-";"<E>";" puiser";"-";"Poss0";" ressources";"-";" Loc";"-";"+";"-";"+";"-";"+";"§puiser§ses ressources Loc "
"313";"+";"-";"-";"-";"<E>";" raconter";"-";"Poss0";" vie";"-";" à";"+";"-";"+";"-";"-";"-";"§raconter§sa vie à "
"314";"+";"-";"-";"-";"<E>";" réciter";"-";"Poss0";" leçon";"-";" à";"+";"-";"+";"-";"-";"-";"§réciter§sa leçon à "
"315";"+";"-";"-";"-";"<E>";" recommencer";"-";"Poss0";" vie";"+";" avec";"+";"-";"-";"-";"-";"-";"§recommencer§sa vie avec "
"316";"+";"-";"-";"-";"<E>";" reconnaître";"-";"Poss0";" erreurs";"+";" à";"+";"-";"+";"-";"-";"+";"§reconnaître§ses erreurs à "
"317";"+";"-";"-";"-";"<E>";" reconnaître";"-";"Poss0";" fautes";"+";" à";"+";"-";"+";"-";"-";"+";"§reconnaître§ses fautes à "
"318";"+";"-";"-";"-";"<E>";" reconnaître";"-";"Poss0";" torts";"+";" à";"+";"-";"+";"-";"-";"+";"§reconnaître§ses torts à "
"319";"+";"-";"-";"-";"<E>";" refaire";"-";"Poss0";" vie";"+";" avec";"+";"-";"-";"-";"-";"-";"§refait§sa vie avec "
"320";"+";"-";"-";"-";"<E>";" refuser";"+";"Poss0";" coeur";"-";" à";"+";"-";"+";"-";"-";"-";"§refuser§son coeur à "
"321";"+";"-";"-";"-";"<E>";" refuser";"-";"Poss0";" faveurs";"+";" à";"+";"-";"+";"-";"-";"+";"§refuser§ses faveurs à "
"322";"+";"-";"-";"-";"<E>";" refuser";"+";"Poss0";" main";"-";" à";"+";"-";"+";"-";"-";"+";"§refuser§sa main à "
"323";"+";"-";"-";"-";"<E>";" refuser";"-";"Poss0";" porte";"-";" à";"+";"-";"+";"-";"-";"-";"§refuser§sa porte à "
"324";"+";"-";"-";"-";"<E>";" régler";"-";"Poss2";" compte";"-";" à";"+";"-";"+";"-";"-";"+";"§régler§son compte à "
"325";"+";"+";"-";"-";"<E>";" régler";"-";"Poss0";" comptes";"+";" avec";"+";"-";"-";"-";"-";"-";"§régler§son comptes avec "
"326";"+";"-";"-";"-";"<E>";" remettre";"-";"Poss0";" démission";"-";" à";"+";"-";"+";"-";"-";"+";"§remettre§sa démission à "
"327";"+";"-";"-";"-";"<E>";" rendre";"-";"Poss2";" bienfaits";"-";" à";"+";"-";"+";"-";"-";"+";"§rendre§ses bienfaits à "
"328";"+";"-";"-";"-";"<E>";" rendre";"-";"Poss2";" invitation";"-";" à";"+";"-";"+";"-";"-";"+";"§rendre§son invitation à "
"329";"+";"-";"-";"-";"<E>";" rendre";"-";"Poss2";" politesse";"-";" à";"+";"-";"+";"-";"-";"+";"§rendre§sa politesse à "
"330";"+";"-";"-";"-";"<E>";" rendre";"-";"Poss2";" regard";"-";" à";"+";"-";"+";"-";"-";"+";"§rendre§son regard à "
"331";"+";"-";"-";"-";"<E>";" rendre";"-";"Poss0";" réponse";"+";" à";"+";"-";"+";"-";"-";"+";"§rendre§sa réponse à "
"332";"+";"-";"-";"-";"<E>";" rendre";"-";"Poss2";" sourire";"-";" à";"+";"-";"+";"-";"-";"+";"§rendre§son sourire à "
"333";"+";"-";"-";"-";"<E>";" rendre";"-";"Poss0";" tablier";"+";" à";"+";"-";"+";"-";"-";"-";"§rendre§son tablier à "
"334";"+";"-";"-";"-";"<E>";" rendre";"-";"Poss2";" visite";"-";" à";"+";"-";"+";"-";"-";"+";"§rendre§sa visite à "
"335";"+";"-";"-";"-";"<E>";" renouveler";"-";"Poss0";" question";"+";" à";"+";"-";"+";"-";"-";"+";"§renouveler§sa question à "
"336";"+";"-";"-";"-";"<E>";" renouveler";"-";"Poss0";" voeux";"+";" à";"+";"-";"+";"-";"-";"+";"§renouveler§ses voeux à "
"337";"+";"+";"-";"-";"<E>";" répandre";"-";"Poss0";" bienfaits";"+";" Loc";"+";"+";"-";"+";"-";"+";"§répandre§ses bienfaits Loc "
"338";"+";"-";"-";"-";"<E>";" reporter";"-";"Poss0";" affection";"-";" sur";"+";"-";"-";"-";"-";"+";"§reporter§son affection sur "
"339";"+";"+";"-";"-";"<E>";" reporter";"-";"Poss0";" amitié";"-";" sur";"+";"-";"-";"-";"-";"+";"§reporter§son amitié sur "
"340";"+";"+";"-";"-";"<E>";" reporter";"-";"Poss0";" choix";"-";" sur";"+";"+";"-";"-";"-";"+";"§reporter§son choix sur "
"341";"+";"+";"-";"-";"<E>";" reporter";"-";"Poss0";" confiance";"-";" sur";"+";"-";"-";"-";"-";"+";"§reporter§sa confiance sur "
"342";"+";"+";"-";"-";"<E>";" reporter";"-";"Poss0";" efforts";"-";" sur";"-";"+";"-";"-";"-";"+";"§reporter§ses efforts sur "
"343";"+";"+";"-";"-";"<E>";" reporter";"-";"Poss0";" soupçons";"-";" sur";"+";"+";"-";"-";"-";"+";"§reporter§ses soupçons sur "
"344";"+";"-";"-";"-";"<E>";" reprendre";"-";"Poss0";" billes";"+";" de";"-";"+";"-";"+";"-";"+";"§reprendre§ses billes de "
"345";"+";"-";"-";"-";"<E>";" reprendre";"-";"Poss0";" place";"+";" Loc";"+";"+";"-";"-";"-";"-";"§reprendre§sa place Loc "
"346";"+";"-";"-";"-";"<E>";" resserrer";"-";"Poss0";" étau";"-";" sur";"+";"-";"-";"-";"-";"+";"§resserrer§son étau sur "
"347";"+";"-";"-";"-";"<E>";" resserrer";"-";"Poss0";" filet";"-";" sur";"+";"-";"-";"-";"-";"+";"§resserrer§son filet sur "
"348";"+";"-";"-";"-";"<E>";" retirer";"-";"Poss0";" accusation";"+";" contre";"+";"-";"-";"-";"-";"+";"§retirer§son accusation contre "
"349";"+";"-";"-";"-";"<E>";" retirer";"-";"Poss0";" billes";"+";" de";"-";"+";"-";"+";"-";"+";"§retirer§ses billes de "
"350";"+";"-";"-";"-";"<E>";" retirer";"-";"Poss0";" candidature";"+";" à";"-";"+";"-";"+";"-";"+";"§retirer§sa candidature à "
"351";"+";"-";"-";"-";"<E>";" retirer";"-";"Poss0";" confiance";"-";" à";"+";"-";"+";"-";"-";"+";"§retirer§sa confiance à "
"352";"+";"-";"-";"-";"<E>";" retirer";"-";"Poss2";" permis de conduire";"-";" à";"+";"-";"+";"-";"-";"+";"§retirer§son permis de conduire à "
"353";"+";"-";"-";"-";"<E>";" retirer";"-";"Poss0";" plainte";"+";" contre";"+";"-";"-";"-";"-";"+";"§retirer§sa plainte contre "
"354";"+";"+";"-";"-";"<E>";" river";"-";"Poss0";" regard";"-";" sur";"+";"-";"+";"-";"-";"+";"§river§son regard sur "
"355";"+";"+";"-";"-";"<E>";" river";"+";"Poss0";" yeux";"-";" sur";"+";"-";"+";"-";"-";"+";"§river§ses yeux sur "
"356";"+";"-";"-";"-";"<E>";" ruminer";"-";"Poss0";" vengeance";"+";" contre";"+";"-";"+";"-";"-";"-";"§ruminer§sa vengeance contre "
"357";"+";"-";"-";"-";"<E>";" signifier";"-";"Poss2";" congé";"-";" à";"+";"-";"+";"-";"-";"+";"§signifier§son congé à "
"358";"+";"-";"-";"-";"<E>";" tenir";"-";"Poss0";" assises";"+";" Loc";"+";"+";"-";"+";"-";"+";"§tenir§ses assises Loc "
"359";"+";"-";"-";"-";"<E>";" tenir";"-";"Poss0";" distances";"+";" avec";"+";"-";"-";"-";"-";"-";"§tenir§ses distances avec "
"360";"+";"-";"-";"-";"<E>";" tenir";"-";"Poss0";" quartiers";"+";" Loc";"+";"+";"+";"+";"-";"-";"§tenir§ses quartiers Loc "
"361";"+";"-";"-";"-";"<E>";" tenir";"-";"Poss0";" quartiers d'hiver";"+";" Loc";"+";"+";"+";"+";"-";"-";"§tenir§son quartiers d'hiver Loc "
"362";"+";"+";"-";"-";"<E>";" tenir";"-";"Poss0";" rang";"+";" Loc";"-";"+";"-";"+";"-";"+";"§tenir§son rang Loc "
"363";"+";"-";"-";"-";"<E>";" tenter";"-";"Poss0";" chance";"+";" auprès";"+";"-";"-";"-";"-";"-";"§tenter§sa chance auprès "
"364";"+";"-";"-";"-";"<E>";" terminer";"-";"Poss0";" jours";"-";" Loc";"-";"+";"-";"+";"-";"-";"§terminer§ses jours Loc "
"365";"-";"+";"-";"-";"<E>";" tirer";"-";"Poss0";" appellation";"-";" de";"-";"+";"-";"+";"-";"+";"§tirer§son appellation de "
"366";"+";"-";"-";"-";"<E>";" tirer";"-";"Poss0";" casquette";"-";" à";"+";"-";"+";"-";"-";"-";"§tirer§sa casquette à "
"367";"+";"-";"-";"-";"<E>";" tirer";"-";"Poss0";" chapeau";"-";" à";"+";"-";"+";"-";"-";"-";"§tirer§son chapeau à "
"368";"-";"+";"-";"-";"<E>";" tirer";"-";"Poss0";" dénomination";"-";" de";"-";"+";"-";"+";"-";"+";"§tirer§sa dénomination de "
"369";"+";"-";"-";"-";"<E>";" tirer";"-";"Poss0";" galurin";"-";" à";"+";"-";"+";"-";"-";"-";"§tirer§son galurin à "
"370";"+";"-";"-";"-";"<E>";" tirer";"-";"Poss0";" inspiration";"-";" de";"-";"+";"-";"+";"-";"+";"§tirer§son inspiration de "
"371";"-";"+";"-";"-";"<E>";" tirer";"-";"Poss0";" nom";"-";" de";"-";"+";"-";"+";"-";"+";"§tirer§son nom de "
"372";"+";"-";"-";"-";"<E>";" tirer";"-";"Poss0";" nourriture";"-";" de";"-";"+";"-";"+";"-";"+";"§tirer§sa nourriture de "
"373";"-";"+";"-";"-";"<E>";" tirer";"-";"Poss0";" origine";"-";" de";"-";"+";"-";"+";"-";"+";"§tirer§son origine de "
"374";"+";"-";"-";"-";"<E>";" tirer";"-";"Poss0";" révérence";"+";" à";"+";"-";"+";"-";"-";"-";"§tirer§sa révérence à "
"375";"+";"-";"-";"-";"<E>";" tirer";"-";"Poss0";" subsistance";"-";" de";"-";"+";"-";"+";"-";"+";"§tirer§sa subsistance de "
"376";"-";"+";"-";"-";"<E>";" tirer";"-";"Poss0";" substance";"-";" de";"-";"+";"-";"+";"-";"+";"§tirer§sa substance de "
"377";"+";"-";"-";"-";"<E>";" tisser";"-";"Poss0";" toile";"+";" Loc";"+";"+";"-";"-";"-";"+";"§tisser§son toile Loc "
"378";"+";"-";"-";"-";"<E>";" torcher";"+";"Poss0";" cul";"-";" avec";"-";"+";"-";"-";"-";"-";"§torcher§son cul avec "
"379";"+";"-";"-";"-";"<E>";" torcher";"+";"Poss0";" derrière";"-";" avec";"-";"+";"-";"-";"-";"-";"§torcher§son derrière avec "
"380";"+";"-";"-";"-";"<E>";" tourner";"-";"Poss0";" attention";"-";" vers";"+";"+";"-";"-";"+";"+";"§tourner§son attention vers "
"381";"+";"+";"-";"-";"<E>";" tourner";"-";"Poss0";" efforts";"-";" vers";"+";"+";"-";"-";"-";"+";"§tourner§ses efforts vers "
"382";"+";"+";"-";"-";"<E>";" tourner";"-";"Poss0";" pensées";"-";" vers";"+";"+";"-";"-";"-";"+";"§tourner§ses pensées vers "
"383";"+";"-";"-";"-";"<E>";" tourner";"-";"Poss0";" regard";"-";" vers";"+";"+";"-";"-";"-";"+";"§tourner§son regard vers "
"384";"+";"-";"-";"-";"<E>";" traîner";"-";"Poss0";" bottes";"-";" Loc";"-";"+";"-";"+";"-";"-";"§traîner§ses bottes Loc "
"385";"+";"-";"-";"-";"<E>";" traîner";"-";"Poss0";" ennui";"+";" Loc";"-";"+";"-";"+";"-";"-";"§traîner§son ennui Loc "
"386";"+";"-";"-";"-";"<E>";" traîner";"-";"Poss0";" guêtres";"-";" Loc";"-";"+";"-";"+";"-";"-";"§traîner§ses guêtres Loc "
"387";"+";"-";"-";"-";"<E>";" transporter";"-";"Poss0";" pénates";"-";" Loc";"+";"+";"-";"+";"-";"+";"§transporter§ses pénates Loc "
"388";"+";"-";"-";"-";"<E>";" tremper";"+";"Poss0";" lèvres";"-";" Loc";"-";"+";"-";"+";"-";"-";"§tremper§ses lèvres Loc "
"389";"+";"-";"-";"-";"<E>";" trouver";"-";"Poss0";" avantage";"-";" Loc";"-";"+";"-";"+";"-";"-";"§trouver§son avantage Loc "
"390";"+";"-";"-";"-";"<E>";" trouver";"-";"Poss0";" bénéfice";"-";" Loc";"-";"+";"-";"+";"-";"-";"§trouver§son bénéfice Loc "
"391";"+";"-";"-";"-";"<E>";" trouver";"-";"Poss0";" bonheur";"-";" Loc";"+";"+";"-";"+";"-";"-";"§trouver§son bonheur Loc "
"392";"+";"-";"-";"-";"<E>";" trouver";"-";"Poss0";" compte";"+";" Loc";"-";"+";"-";"-";"+";"-";"§trouver§son compte Loc "
"393";"+";"-";"-";"-";"<E>";" trouver";"-";"Poss0";" intérêt";"-";" Loc";"-";"+";"-";"+";"-";"-";"§trouver§son intérêt Loc "
"394";"+";"-";"-";"-";"<E>";" trouver";"-";"Poss0";" profit";"-";" Loc";"-";"+";"-";"+";"-";"-";"§trouver§son profit Loc "
"395";"+";"-";"-";"-";"<E>";" trouver";"-";"Poss0";" salut";"+";" Loc";"-";"+";"-";"+";"-";"-";"§trouver§son salut Loc "
"396";"+";"-";"-";"-";"<E>";" vanter";"-";"Poss0";" marchandise";"+";" à";"+";"-";"+";"-";"-";"+";"§vanter§sa marchandise à "
"397";"+";"-";"-";"-";"<E>";" vendre";"-";"Poss0";" faveurs";"+";" à";"+";"-";"+";"-";"-";"-";"§vendre§ses faveurs à "
"398";"+";"-";"-";"-";"<E>";" vendre";"-";"Poss0";" salade";"+";" à";"+";"-";"+";"-";"-";"+";"§vendre§sa salade à "
"399";"+";"-";"-";"-";"<E>";" vider";"-";"Poss0";" âme";"+";" à";"+";"-";"+";"-";"-";"-";"§vider§son âme à "
"400";"+";"-";"-";"-";"<E>";" vider";"-";"Poss0";" carquois";"+";" sur";"+";"-";"-";"-";"+";"+";"§vider§son carquois sur "
"401";"+";"-";"-";"-";"<E>";" vider";"+";"Poss0";" coeur";"+";" à";"+";"-";"+";"-";"-";"+";"§vider§son coeur à "
"402";"+";"-";"-";"-";"<E>";" vider";"-";"Poss0";" sac";"+";" à";"+";"-";"+";"-";"-";"-";"§vider§son sac à "
"403";"+";"-";"-";"-";"<E>";" vouer";"-";"Poss0";" âme";"+";" à";"+";"-";"+";"-";"-";"-";"§vouer§son âme à "
"404";"+";"-";"-";"-";"<E>";" vouer";"+";"Poss0";" coeur";"+";" à";"+";"-";"+";"-";"-";"-";"§vouer§son coeur à "
